1.91355e-05
0.50933
0.518859
0.523242
0.525997
0.52793
0.529288
0.530532
0.531565
0.532446
0.533058
0.533536
0.533938
0.534321
0.534665
0.535086
0.535297
0.535622
0.535833
0.535986
0.536235
0.536388
0.536541
0.536751
0.536904
0.536981
0.537153
0.537268
0.537421
0.537536
0.537651
0.537765
0.537823
0.537976
0.538148
0.538263
0.538339
0.538416
0.538531
0.538722
0.538741
0.53876
0.538875
0.538952
0.53899
0.539009
0.539047
0.539143
0.539201
0.539258
0.539277
0.539334
0.53943
0.539526
0.539564
0.539602
0.53966
0.539679
