1.91355e-05
0.490769
0.505752
0.512086
0.5162
0.518859
0.520716
0.522419
0.523892
0.525079
0.525997
0.526896
0.527624
0.528217
0.528714
0.529288
0.529786
0.530322
0.5308
0.531221
0.531565
0.532025
0.532331
0.532561
0.532867
0.533058
0.533288
0.533479
0.533613
0.533747
0.533938
0.534053
0.534225
0.534378
0.534512
0.534665
0.534857
0.535029
0.535086
0.535182
0.535297
0.535469
0.535565
0.53568
0.535737
0.535833
0.535909
0.535948
0.536005
0.53612
0.536235
0.536311
0.536349
0.536445
0.536522
0.536541
0.536579
0.536675
0.536828
0.536847
0.536904
0.536943
0.536981
0.537019
0.537057
0.537153
0.537191
0.537268
