1.91355e-05
0.383801
0.4303
0.449972
0.462697
0.470351
0.476666
0.48143
0.48499
0.488262
0.490769
0.493237
0.495361
0.497217
0.49892
0.50026
0.501427
0.502747
0.504106
0.505063
0.505752
0.506574
0.507416
0.508086
0.508584
0.50933
0.509942
0.510478
0.511014
0.511531
0.512086
0.512507
0.512927
0.513444
0.513827
0.514152
0.51465
0.515109
0.515434
0.515779
0.5162
0.516506
0.516812
0.517118
0.517539
0.517769
0.517979
0.518151
0.518362
0.518611
0.518859
0.51907
0.519204
0.519376
0.519625
0.519816
0.519931
0.520065
0.520218
0.520448
0.520716
0.520907
0.521117
0.52129
0.521481
0.521711
0.521864
0.521921
0.522113
0.522285
0.522419
0.522553
0.522591
0.522821
0.522993
0.523242
0.523395
0.52349
0.523548
0.523682
0.523892
0.524045
0.524198
0.524256
0.524428
0.524524
0.524677
0.524715
0.52483
0.524945
0.525079
0.525136
0.525251
0.525308
0.52548
0.525557
0.525614
0.52571
0.525806
0.525863
0.525997
0.52615
0.526208
0.526361
0.526399
0.526533
0.526609
0.526724
