1.91355e-05
0.491228
0.50623
0.51243
0.516697
0.5193
0.521251
0.522935
0.524294
0.525461
0.526284
0.527088
0.527815
0.528485
0.52902
0.529595
0.530054
0.530666
0.531087
0.531508
0.531948
0.532407
0.532656
0.532905
0.533192
0.533422
0.53367
0.533862
0.534015
0.534149
0.534378
0.534551
0.534742
0.534857
0.534914
0.535067
0.535163
0.535297
0.535431
0.535507
0.535584
0.535737
0.535852
0.536043
0.536158
0.536215
0.536254
0.536368
0.536426
0.536464
0.536598
0.536732
0.536828
0.536866
0.536885
0.536923
0.537
0.537077
0.537172
0.53723
0.537268
