9086
9317
9771
10179
8998
10074
8107
9360
9136
7374
7981
8666
9223
7646
7291
9356
9183
8993
9261
6611
8054
9029
8778
9242
7049
8721
8801
8453
7508
6323
10004
9556
5198
9352
10107
9056
8269
7458
6633
8953
9609
9594
9634
8627
5628
9030
9843
8382
9223
8625
7839
8056
9665
9332
8786
8664
8010
9323
9517
9070
5519
9245
6756
8794
7674
8407
8866
7973
9634
9095
8931
10285
10099
7850
9543
7482
8916
7935
8957
6290
8746
5909
9735
8739
9417
7825
8012
6929
9584
9159
8374
8768
9362
7796
10126
9885
10403
9195
8265
9117
