0.049741
0.051106
0.063718
0.075238
0.064633
0.067688
0.050164
0.058855
0.059310
0.055222
0.051631
0.050593
0.057084
0.039911
0.037808
0.054327
0.059173
0.055542
0.055445
0.035040
0.044539
0.109497
0.052443
0.058503
0.033319
0.049511
0.052685
0.049789
0.041055
0.034988
0.062761
0.061841
0.026818
0.065467
0.062100
0.060399
0.045799
0.041093
0.033446
0.051929
0.059748
0.061837
0.067037
0.055003
0.027685
0.055442
0.062063
0.050535
0.055252
0.053594
0.045007
0.047332
0.061637
0.061267
0.050487
0.048889
0.043771
0.057166
0.060797
0.049392
0.029373
0.057595
0.035186
0.050543
0.042200
0.047171
0.102601
0.045860
0.060924
0.064490
0.058404
0.064167
0.063307
0.044587
0.062497
0.046370
0.059554
0.043036
0.061545
0.031847
0.047992
0.030191
0.062658
0.056300
0.059194
0.043348
0.045047
0.033059
0.058982
0.052290
0.044967
0.051059
0.056996
0.051039
0.086668
0.059759
0.063384
0.053388
0.046193
0.056948
