345.88 181.321
69.5943 16.3651
427.43 120.881
340.757 398.461
326.838 481.799
92.353 359.432
424.599 429.383
405.775 282.176
445.658 275.01
82.527 326.251
424.039 65.7706
263.169 497.428
385.023 294.901
58.9003 148.541
439.339 123.453
445.216 383.96
52.0661 393.933
50.6687 367.527
225.337 389.717
171.012 63.2544
281.892 299.025
113.342 267.146
169.483 89.8341
490.331 352.563
402.035 293.333
71.8675 376.071
253.955 40.0259
456.551 58.6756
418.355 483.529
404.198 394.986
157.335 316.69
96.7251 179.874
127.584 435.32
16.5788 438.08
438.374 477.979
166.403 195.961
455.705 456.821
303.977 216.816
339.162 41.3714
41.3862 404.471
369.53 485.293
373.194 407.319
421.609 385.537
479.911 397.159
98.8347 439.856
447.488 198.925
271.459 80.6201
130.79 422.778
326.307 273.976
23.8544 211.844
212.624 133.277
300.71 277.412
346.738 80.2774
463.128 60.1689
197.2 276.964
55.3429 261.42
494.12 241.402
112.44 256.409
477.093 264.095
112.176 217.292
409.069 321.668
292.561 325.008
163.715 3.00649
391.312 434.206
476.639 20.5223
265.395 145.02
172.082 422.125
285.629 479.56
284.974 50.2555
227.245 473.436
