0.0897056
0.047131
0.0360781
0.0260987
0.0229214
0.0189844
0.018171
0.0158696
0.0140202
0.0134225
0.0108584
0.00998887
0.00994628
0.00906025
0.00846713
0.00915753
0.00744122
0.0065351
0.00678815
0.00605899
0.0061844
0.00598215
0.00584188
0.00538988
0.00577135
0.00535656
0.00675925
0.00609408
0.00636328
0.00465705
0.00613906
0.00626424
0.00613545
0.00426496
0.0059041
0.00570137
0.0054284
0.00418188
0.00525201
0.00375173
0.0050857
0.00380946
0.00363242
0.00461061
0.00453386
0.00446677
0.0043103
0.00432376
