1.91355e-05
0.442547
0.470734
0.483822
0.491228
0.49672
0.5007
0.503857
0.50623
0.508105
0.509407
0.510918
0.51243
0.513597
0.51465
0.51576
0.516697
0.517539
0.518343
0.518745
0.5193
0.519701
0.520256
0.52062
0.521251
0.521615
0.522132
0.522514
0.522935
0.523203
0.523605
0.523892
0.524294
0.5246
0.524964
0.525212
0.525461
0.525557
0.525844
0.526016
0.526284
0.526629
0.526801
0.526935
0.527088
0.527356
0.527509
0.527643
0.527815
0.52793
0.528064
0.528293
0.528485
0.528638
0.528753
0.528906
0.52902
0.529193
0.529346
0.52948
0.529595
0.529767
0.529882
0.529939
0.530054
0.530322
0.530417
0.530532
0.530666
0.530781
0.530877
0.530953
0.531087
0.531202
0.531374
0.531451
0.531508
0.531642
0.531738
0.531891
0.531948
0.532025
0.532235
0.532369
0.532407
0.532484
0.532541
0.532599
0.532656
0.532714
0.532733
0.532771
0.532905
0.533001
0.533058
0.533115
0.533192
0.53323
0.533307
0.533364
0.533422
0.533441
0.533556
0.533594
0.53367
0.53369
0.533766
0.533823
0.533862
0.5339
0.533957
0.533996
0.534015
0.534072
0.53413
